0000007040   000000000002000000000                     0011540000150000012000001200                                           
00000070410510001353                                                                                                          
00000070410730000182                                                                                                          
0000008040   000000000002000000000                     0011765000150000012000001200                                           
00000080410510001668                                                                                                          
00000080410730000038                                                                                                          
0000011040   000000000000000000000                     0007698000160000012000001200                                           
0000022040   000000000002000000000                     0012965000170000014000001400                                           
00000220410510001350                                                                                                          
00000220410730000045                                                                                                          
0000002040   000000000000000000000                     0000000000170000000000000000                                           
0000054040   000040000001000000000                     0006987000120000014000001000                                           
00000540410510000238                                                                                                          
00000540410730000035                                                                                                          
0000060040   000000000002000000000                     0013512000170000015000001500                                           
00000600410510001012                                                                                                          
0000064040   000020000000000000100                     0010437000140000014000001200                                           
00000640410510000457                                                                                                          
0000062040   000000000002000001500                     0002575000040000003000000300                                           
00000620410510000155                                                                                                          
0000065040   000000000000000000000                     0018198000170000018000001800                                           
00000650410510002783                                                                                                          
00000650410730000968                                                                                                          
0000066040   000000000000000000000                     0014053000170000017000001700                                           
00000660410510001093                                                                                                          
0000075040   000000000000000003000                     0009720000000000011000001100                                           
00000750410510000480                                                                                                          
0000076040   000000000000000002300                     0007848000040000008000000800                                           
00000760410510001242                                                                                                          
00000760410730000148                                                                                                          
0000078040   000000000001000000000                     0015187000160000016000001600                                           
00000780410510001715                                                                                                          
00000780410730000132                                                                                                          
0000086040   000000000000000002300                     0012840000040000014000001400                                           
00000860410510001552                                                                                                          
00000860410730000077                                                                                                          
0000000040   000000000000000000000                     0006972000170000011000001100                                           
00000000410510000007                                                                                                          
0000087040   000000000000000000000                     0003895000170000006000000600                                           
0000092040   000000000000000000300                     0011800000160000014000001400                                           
00000920410510000505                                                                                                          
0000093040   000000000000000001400                     0014738000110000017000001700                                           
00000930410510001063                                                                                                          
00000930410730000027                                                                                                          
0000094040   000000000000000000000                     0015197000170000019000001900                                           
00000940410510000107                                                                                                          
0000095040   000000000000000000000                     0000000000170000000000000000                                           
0000096040   000000000002000002800                     0000000000000000000000000000                                           
0000097040   000000000001000000600                     0013743000160000016000001600                                           
00000970410510000907                                                                                                          
00000970410730000060                                                                                                          
0000100040   000000000002000000000                     0012003000170000015000001500                                           
00001000410510000100                                                                                                          
0000101040   000000000000000001100                     0011740000140000014000001400                                           
00001010410510001285                                                                                                          
00001010410730000118                                                                                                          
0000106040   000040000000000000000                     0012378000150000018000001400                                           
00001060410510000988                                                                                                          
00001060410730000007                                                                                                          
0000105040   000000000000000000000                     0014632000170000016000001600                                           
00001050410510001143                                                                                                          
00001050410730000048                                                                                                          
0000109040   000000000000000000000                     0013823000170000015000001500                                           
00001090410510001540                                                                                                          
00001090410730000045                                                                                                          
0000110040   000000000001000000000                     0013373000160000015000001500                                           
00001100410510001095                                                                                                          
00001100410730000073                                                                                                          
0000112040   000000000001000001600                     0002963000050000004000000400                                           
00001120410510000252                                                                                                          
0000113040   000000000000000000000                     0011725000170000014000001400                                           
00001130410510000273                                                                                                          
0000115040   000010000000000000000                     0012720000180000017000001600                                           
00001150410510000317                                                                                                          
0000116040   000000000000000000000                     0015238000000000016000001600                                           
00001160410510001670                                                                                                          
00001160410730002788                                                                                                          
0000117040   000000000001000000000                     0011665000160000012000001200                                           
00001170410510001422                                                                                                          
00001170410730000293                                                                                                          
0000118040   000000000001000000300                     0007900000130000012000001200                                           
00001180410510000118                                                                                                          
0000119040   000000000001000000000                     0008312000180000012000001200                                           
00001190410510000015                                                                                                          
0000121040   000000000000000000900                     0004597000080000005000000500                                           
00001210410510000387                                                                                                          
00001210410730000010                                                                                                          
0000000040   000000000000000000000                     0004222000170000005000000500                                           
00000000410510000043                                                                                                          
0000122040   000000000000000000000                     0002392000170000008000000800                                           
00001220410510000083                                                                                                          
0000123040   000000000000000000000                     0010797000170000013000001300                                           
00001230410510000172                                                                                                          
0000124040   000000000001000001200                     0005563000100000008000000800                                           
00001240410510000077                                                                                                          
0000125040   000000000000000002800                     0005508000020000008000000800                                           
0000000040   000000000000000000000                     0008598000000000000000000900                                           
00000000410510001032                                                                                                          
00000000410730000753                                                                                                          
0000000040   000000000000000000000                     0003632000050000000000000400                                           
00000000410510000260                                                                                                          
00000000410730000023                                                                                                          
